Ex 8/Data/Interpolation/1.tif
NCOLS 19
NROWS 11
XLLCORNER 7.3411
YLLCORNER 50.7556
DX 0.099542105
DY 0.093618182
NODATA_VALUE -9999
352.79255 345.1716 334.22053 321.24048 305.15919 298.91924 318.26282 361.41197 373.60415 371.39149 368.97028 348.80612 345.2465 349.12778 379.1431 379.58499 379.6831 387.35963 387.6009 
356.13631 348.75083 336.46549 325.79319 299.3398 286.43722 306.23875 370.56917 374.15104 373.10128 370.90001 364.29634 345.35278 345.4522 342.08601 358.64024 374.20008 385.0165 388.29699 
358.88326 354.99914 340.88532 335.73718 333.36211 285.46021 375.78254 377.37211 373.10011 391.75691 374.09778 374.34626 367.86177 342.54405 335.80004 338.06228 369.28306 371.30416 393.1407 
358.77414 362.53082 348.06968 337.78196 337.20205 380.60989 418.19961 403.09701 411.8185 444.79507 376.99781 375.07678 388.97488 388.95005 339.91305 341.7301 369.27865 371.15224 374.59913 
357.47024 376.28568 348.72364 344.67991 375.91212 388.14525 410.46118 407.19352 425.95149 442.1928 410.63629 397.69946 390.05657 389.54178 368.77097 350.28737 366.4975 371.98572 375.53463 
369.60449 386.8268 338.14532 337.14061 386.86417 388.37057 360.38001 408.69966 411.88115 375.64723 427.16755 494.93012 430.72581 312.54557 304.35568 321.62296 351.9672 369.50281 375.31355 
341.79942 358.81985 362.25304 351.9538 345.24848 325.10487 296.98999 308.79342 393.49213 374.28639 454.79382 501.6 457.32066 291.71852 292.08831 301.66455 330.10835 358.1507 370.56221 
343.1329 355.70752 402.24418 397.19974 335.39017 322.71239 297.70584 296.72111 359.00129 374.17997 354.58408 395.86721 407.43131 294.63724 293.6863 302.10103 322.78518 347.27876 363.11476 
353.16309 373.76429 379.85551 360.80002 350.42722 345.40585 326.57223 323.27297 360.37452 376.52537 378.2279 337.65577 357.975 322.75431 307.41649 312.98639 327.28136 344.35252 357.94183 
362.20237 369.80639 365.70338 360.54455 347.10119 345.91197 327.2921 339.44238 388.21697 376.08704 372.49997 353.06556 355.613 347.9063 332.32882 330.34349 337.12408 347.16932 356.62039 
363.75776 365.47334 362.66814 356.56985 347.26025 335.10442 327.73973 411.67398 416.11165 396.75597 371.59918 363.09311 361.11899 357.74004 349.79601 345.68114 347.2758 352.16048 357.88593 
