Ex 8/Data/Interpolation/11.tif
NCOLS 19
NROWS 11
XLLCORNER 7.3411
YLLCORNER 50.7556
DX 0.099542105
DY 0.093618182
NODATA_VALUE -9999
1081.4664 1077.3229 1070.4255 1059.6539 1045.4406 1042.4278 1070.6647 1100.0859 1113.5315 1114.021 1104.5896 1073.4532 1043.497 1075.9798 1114.8475 1125.0632 1122.5371 1142.964 1160.0684 
1081.0439 1076.298 1066.8177 1049.063 1011.9082 958.96732 1050.4898 1108.8367 1124.7362 1125.6636 1113.2117 1097.7103 1066.4675 1076.8137 1075.0738 1096.0101 1116.3072 1138.5286 1158.5092 
1081.7229 1077.6691 1066.9902 1044.226 1011.3898 890.21005 1095.9219 1128.5098 1119.8487 1155.3498 1130.243 1120.7098 1107.5293 1079.1765 1008.7999 1074.389 1110.0053 1120.7403 1160.1346 
1082.685 1082.1493 1072.0202 1051.9491 1023.4536 1093.7745 1249.5375 1153.4725 1187.5983 1288.895 1150.5058 1133.2579 1139.2123 1136.0737 1071.4585 1084.833 1107.4967 1116.5524 1131.7139 
1080.6289 1094.3285 1074.6371 1068.904 1091.9593 1120.3956 1140.6033 1150.6824 1187.4909 1223.3423 1175.7715 1162.6251 1150.5862 1141.2852 1097.9926 1092.7847 1104.1367 1115.3626 1124.4365 
1095.5633 1142.1824 1054.2734 1045.3795 1111.2763 1136.6002 1093.8879 1151.4541 1206.1121 1150.8929 1192.5844 1259.9183 1172.1936 1066.6719 1051.7307 1079.0508 1097.1436 1108.978 1116.8936 
1043.9807 1087.6716 1093.5862 1081.4128 1069.1267 1031.1977 995.07754 1037.7364 1141.6132 1132.6166 1212.4898 1503.1945 1202.4087 905.61204 969.04423 1059.7822 1089.8895 1103.4022 1111.0937 
1065.9721 1089.5437 1170.9632 1131.6705 1056.899 988.2462 987.69321 1007.4303 1100.8693 1125.9506 1124.1171 1177.3194 1147.7938 1017.0582 1016.0368 1064.3543 1088.68 1100.7321 1107.6333 
1084.7445 1096.7052 1110.924 1082.2004 1062.4805 1043.4124 1040.6208 1060.9621 1098.0465 1117.4224 1122.5776 1070.1813 1112.2925 1085.9487 1072.4703 1081.8558 1093.0729 1100.9511 1106.1979 
1088.7962 1092.2992 1091.8535 1081.8653 1058.2948 1045.0449 1009.992 1072.7727 1113.7885 1116.9089 1110.3963 1101.3811 1107.3709 1101.4603 1094.6018 1094.7211 1098.5121 1102.6466 1106.0739 
1089.2212 1089.3838 1086.9438 1080.0198 1068.8279 1054.7574 1025.0495 1163.2766 1175.745 1129.1246 1115.599 1110.8413 1109.4059 1106.3882 1102.942 1101.7204 1102.6489 1104.5349 1106.5433 
